96
47
17
9
85
22
15
43
56
23
45
54
27
71
60
20
38
100
87
41
15
88
7
85
98
67
1
34
38
35
57
27
32
37
48
7
59
55
86
70
25
6
73
97
51
83
98
61
52
55
87
29
49
54
19
9
40
32
11
18
21
81
5
22
67
18
22
91
23
53
61
83
14
17
17
9
15
11
35
16
69
40
82
84
48
28
78
79
18
40
68
27
44
68
49
44
2
51
31
34
61
8
39
99
94
4
15
33
37
11
94
29
98
96
50
81
100
21
74
39
40
44
73
84
86
34
39
47
68
74
8
64
80
1
55
62
2
84
91
44
14
46
42
8
47
39
30
49
19
69
45
81
78
93
94
18
36
56
14
60
66
69
65
64
3
30
50
97
41
89
80
16
31
30
25
95
2
66
38
47
5
91
28
100
29
27
87
88
8
38
26
47
71
31
79
46
82
78
5
17
90
